vertices
          25
    0.0000000000    0.0000000000
    0.2500000000    0.0000000000
    0.1250000000    0.2165063509
    -0.1250000000    0.2165063509
    -0.2500000000    0.0000000000
    -0.1250000000    -0.2165063509
    0.1250000000    -0.2165063509
    0.5000000000    0.0000000000
    0.2500000000    0.4330127019
    -0.2500000000    0.4330127019
    -0.5000000000    0.0000000000
    -0.2500000000    -0.4330127019
    0.2500000000    -0.4330127019
    0.7500000000    0.0000000000
    0.3750000000    0.6495190528
    -0.3750000000    0.6495190528
    -0.7500000000    0.0000000000
    -0.3750000000    -0.6495190528
    0.3750000000    -0.6495190528
    1.0000000000    0.0000000000
    0.5000000000    0.8660254038
    -0.5000000000    0.8660254038
    -1.0000000000    0.0000000000
    -0.5000000000    -0.8660254038
    0.5000000000    -0.8660254038
cells
          24
    3    1    2    3
    3    1    3    4
    3    1    4    5
    3    1    5    6
    3    1    6    7
    3    1    7    2
    4    3    2    8    9
    4    4    3    9    10
    4    5    4    10    11
    4    6    5    11    12
    4    7    6    12    13
    4    2    7    13    8
    4    9    8    14    15
    4    10    9    15    16
    4    11    10    16    17
    4    12    11    17    18
    4    13    12    18    19
    4    8    13    19    14
    4    15    14    20    21
    4    16    15    21    22
    4    17    16    22    23
    4    18    17    23    24
    4    19    18    24    25
    4    14    19    25    20
